1 0.0648148140625 0.5208814921875 0.1574074078125 0.5224225625 0.18106995937499998 0.4962243796875 0.1594650203125 0.46232084999999995 0.10699588593750001 0.47773154531250006 0.0648148140625 0.5208814921875
1 0.18827160468749998 0.5532439515625 0.12345678906249999 0.6056403140625 0.163580246875 0.647249190625 0.20781892968750001 0.645708121875 0.2520576125 0.621051009375 0.24588477343749998 0.580983203125 0.18827160468749998 0.5532439515625
1 0.220164609375 0.8352596703125 0.24279835312500003 0.8522114343749999 0.28395061718750003 0.8799506859375 0.3425925921875 0.8306364625 0.34773662656250004 0.7566651265625 0.2736625515625 0.761288334375 0.220164609375 0.8352596703125
1 0.36419753125 0.8691632 0.3847736625 0.9076899359375 0.45987654375 0.8845738953125 0.49382716093749995 0.819848975 0.41460905312499996 0.7967329328125 0.36419753125 0.8691632
1 0.6183127578125001 0.84296501875 0.6409465015625 0.890738171875 0.6687242796875 0.878409615625 0.7129629625 0.8013561421875 0.6707818921875 0.7489597781249999 0.6244855968749999 0.8013561421875 0.6183127578125001 0.84296501875
1 0.9166666671874999 0.671906303125 0.8395061734375 0.6749884421875 0.7839506171874999 0.711974109375 0.8106995890625001 0.735090153125 0.8580246921875 0.7489597781249999 0.9012345671875 0.7458776390625 0.9434156375 0.7289258750000001 0.9166666671874999 0.671906303125
1 0.6975308640625 0.5856064109375 0.6944444437499999 0.6364617046875 0.74897119375 0.647249190625 0.7921810703125 0.607181384375 0.7942386828125 0.568654646875 0.74897119375 0.5301279078125 0.6975308640625 0.5856064109375
1 0.718106996875 0.48543689375000004 0.7448559671874999 0.4515333640625 0.6748971187499999 0.4099244875 0.6265432109375 0.4330405296875 0.6430041140625 0.48543689375000004 0.718106996875 0.48543689375000004
1 0.4588477375 0.685775928125 0.4588477375 0.7273848046875 0.48251028749999997 0.7258437343749999 0.5370370375 0.73046694375 0.5895061734375 0.6842348578124999 0.59465020625 0.6549545375 0.5370370375 0.6349206359374999 0.480452675 0.66728309375 0.4588477375 0.685775928125
1 0.42798353906250003 0.699645553125 0.45781892968750004 0.710433040625 0.4557613171875 0.6703652328125 0.4372427984375 0.6118045921874999 0.4094650203125 0.57635999375 0.3786008234375 0.5748189234375001 0.36625514375 0.5933117593749999 0.395061728125 0.6564956078125 0.42798353906250003 0.699645553125
1 0.48662551406250004 0.6102635234375 0.4783950625 0.6426259812499999 0.547325103125 0.62875635625 0.5956790125 0.571736784375 0.5977366265625 0.5393743265625 0.565843621875 0.53783325625 0.51851851875 0.5470796734375 0.48662551406250004 0.6102635234375
1 0.49382716093749995 0.4684851296875 0.546296296875 0.5285868390624999 0.5699588484375 0.531668978125 0.566872428125 0.4561565734375 0.507201646875 0.3636924015625 0.46707818906250004 0.403760209375 0.49382716093749995 0.4684851296875