1 0.6882716046875 0.788580246875 0.663580246875 0.8503086421875 0.6944444437499999 0.8996913578125 0.7546296296875 0.8904320984374999 0.7916666671875 0.8040123453125 0.7530864187499999 0.76851851875 0.6882716046875 0.788580246875
1 0.8148148140625 0.6820987656249999 0.8395061734375 0.6388888890625 0.796296296875 0.5987654328125 0.7283950625 0.6111111109375 0.729938271875 0.645061728125 0.8148148140625 0.6820987656249999
1 0.8888888890625 0.5339506171874999 0.8549382718749999 0.5015432109375 0.796296296875 0.5169753078125 0.79012345625 0.5694444437499999 0.8040123453125 0.5879629625 0.8688271609375 0.5740740734374999 0.8888888890625 0.5339506171874999
1 0.7716049375 0.38271604843749996 0.7932098765625 0.432098765625 0.8456790125 0.3996913578125 0.8487654328125 0.3333333328125 0.780864196875 0.32716049375 0.7716049375 0.38271604843749996
1 0.6867283953125 0.336419753125 0.652777778125 0.3580246921875 0.6666666671875 0.40432098749999995 0.703703703125 0.4166666671875 0.73148148125 0.4166666671875 0.7361111109375 0.3796296296875 0.7253086421875 0.3456790125 0.6867283953125 0.336419753125
1 0.5648148140625 0.54012345625 0.6003086421875 0.5030864187499999 0.5817901234375 0.44753086406250003 0.5293209875 0.46296296249999996 0.5354938265625 0.5246913578125 0.5648148140625 0.54012345625
1 0.1851851859375 0.7530864187499999 0.1419753078125 0.7422839515625 0.10030864218749999 0.75 0.060185185937499996 0.7854938265625 0.0895061734375 0.8009259265625 0.137345678125 0.8225308640625 0.18827160468749998 0.799382715625 0.1851851859375 0.7530864187499999
1 0.057098765625000006 0.487654321875 0.026234567187500002 0.5339506171874999 0.060185185937499996 0.58487654375 0.1095679015625 0.5540123453125 0.12345678906249999 0.4830246921875 0.057098765625000006 0.487654321875
1 0.31944444375000003 0.7175925921874999 0.2762345671875 0.652777778125 0.229938271875 0.6512345671875 0.23611111093749998 0.691358025 0.29783950625 0.7268518515625 0.31944444375000003 0.7175925921874999
1 0.424382715625 0.825617284375 0.3425925921875 0.8194444437499999 0.316358025 0.8456790125 0.365740740625 0.87808641875 0.4104938265625 0.88580246875 0.424382715625 0.825617284375
1 0.18364197499999999 0.29783950625 0.1265432109375 0.3317901234375 0.1574074078125 0.38271604843749996 0.20216049374999998 0.3765432109375 0.2515432109375 0.3317901234375 0.18364197499999999 0.29783950625